solid Exported from Blender-3.3.1
facet normal 0.000000 -0.850651 0.525731
outer loop
vertex 0.500000 -1.309017 0.000000
vertex 0.809017 -0.809017 0.809017
vertex -0.500000 -1.309017 0.000000
endloop
endfacet
facet normal 0.000000 -0.850651 0.525731
outer loop
vertex 0.809017 -0.809017 0.809017
vertex 0.000000 -0.500000 1.309017
vertex -0.500000 -1.309017 0.000000
endloop
endfacet
facet normal -0.000000 -0.850651 0.525731
outer loop
vertex 0.000000 -0.500000 1.309017
vertex -0.809017 -0.809017 0.809017
vertex -0.500000 -1.309017 0.000000
endloop
endfacet
facet normal 0.000000 -0.850651 -0.525731
outer loop
vertex -0.500000 -1.309017 0.000000
vertex -0.809017 -0.809017 -0.809017
vertex 0.000000 -0.500000 -1.309017
endloop
endfacet
facet normal 0.000000 -0.850651 -0.525731
outer loop
vertex 0.000000 -0.500000 -1.309017
vertex 0.809017 -0.809017 -0.809017
vertex 0.500000 -1.309017 0.000000
endloop
endfacet
facet normal 0.000000 -0.850651 -0.525731
outer loop
vertex 0.500000 -1.309017 0.000000
vertex -0.500000 -1.309017 0.000000
vertex 0.000000 -0.500000 -1.309017
endloop
endfacet
facet normal 0.850651 -0.525731 0.000000
outer loop
vertex 0.809017 -0.809017 -0.809017
vertex 1.309017 0.000000 -0.500000
vertex 0.500000 -1.309017 0.000000
endloop
endfacet
facet normal 0.850651 -0.525731 0.000000
outer loop
vertex 1.309017 0.000000 -0.500000
vertex 1.309017 0.000000 0.500000
vertex 0.500000 -1.309017 0.000000
endloop
endfacet
facet normal 0.850651 -0.525731 0.000000
outer loop
vertex 1.309017 0.000000 0.500000
vertex 0.809017 -0.809017 0.809017
vertex 0.500000 -1.309017 0.000000
endloop
endfacet
facet normal 0.525731 -0.000000 -0.850651
outer loop
vertex 1.309017 0.000000 -0.500000
vertex 0.809017 -0.809017 -0.809017
vertex 0.000000 -0.500000 -1.309017
endloop
endfacet
facet normal 0.525731 0.000000 -0.850651
outer loop
vertex 0.000000 -0.500000 -1.309017
vertex 0.000000 0.500000 -1.309017
vertex 1.309017 0.000000 -0.500000
endloop
endfacet
facet normal 0.525731 0.000000 -0.850651
outer loop
vertex 0.000000 0.500000 -1.309017
vertex 0.809017 0.809017 -0.809017
vertex 1.309017 0.000000 -0.500000
endloop
endfacet
facet normal 0.525731 0.000000 0.850651
outer loop
vertex 0.000000 0.500000 1.309017
vertex 0.000000 -0.500000 1.309017
vertex 0.809017 -0.809017 0.809017
endloop
endfacet
facet normal 0.525731 0.000000 0.850651
outer loop
vertex 0.809017 -0.809017 0.809017
vertex 1.309017 0.000000 0.500000
vertex 0.000000 0.500000 1.309017
endloop
endfacet
facet normal 0.525731 0.000000 0.850651
outer loop
vertex 1.309017 0.000000 0.500000
vertex 0.809017 0.809017 0.809017
vertex 0.000000 0.500000 1.309017
endloop
endfacet
facet normal 0.000000 0.850651 -0.525731
outer loop
vertex -0.500000 1.309017 0.000000
vertex 0.500000 1.309017 0.000000
vertex 0.809017 0.809017 -0.809017
endloop
endfacet
facet normal 0.000000 0.850651 -0.525731
outer loop
vertex 0.809017 0.809017 -0.809017
vertex 0.000000 0.500000 -1.309017
vertex -0.500000 1.309017 0.000000
endloop
endfacet
facet normal -0.000000 0.850651 -0.525731
outer loop
vertex 0.000000 0.500000 -1.309017
vertex -0.809017 0.809017 -0.809017
vertex -0.500000 1.309017 0.000000
endloop
endfacet
facet normal -0.850651 0.525731 0.000000
outer loop
vertex -1.309017 0.000000 -0.500000
vertex -1.309017 0.000000 0.500000
vertex -0.500000 1.309017 0.000000
endloop
endfacet
facet normal -0.850651 0.525731 0.000000
outer loop
vertex -1.309017 0.000000 -0.500000
vertex -0.500000 1.309017 0.000000
vertex -0.809017 0.809017 -0.809017
endloop
endfacet
facet normal -0.850651 0.525731 0.000000
outer loop
vertex -1.309017 0.000000 0.500000
vertex -0.809017 0.809017 0.809017
vertex -0.500000 1.309017 0.000000
endloop
endfacet
facet normal -0.525731 0.000000 -0.850651
outer loop
vertex 0.000000 0.500000 -1.309017
vertex 0.000000 -0.500000 -1.309017
vertex -0.809017 -0.809017 -0.809017
endloop
endfacet
facet normal -0.525731 0.000000 -0.850651
outer loop
vertex -0.809017 -0.809017 -0.809017
vertex -1.309017 0.000000 -0.500000
vertex 0.000000 0.500000 -1.309017
endloop
endfacet
facet normal -0.525731 0.000000 -0.850651
outer loop
vertex -1.309017 0.000000 -0.500000
vertex -0.809017 0.809017 -0.809017
vertex 0.000000 0.500000 -1.309017
endloop
endfacet
facet normal -0.850651 -0.525731 0.000000
outer loop
vertex -0.500000 -1.309017 0.000000
vertex -0.809017 -0.809017 0.809017
vertex -1.309017 0.000000 0.500000
endloop
endfacet
facet normal -0.850651 -0.525731 0.000000
outer loop
vertex -1.309017 0.000000 0.500000
vertex -1.309017 0.000000 -0.500000
vertex -0.809017 -0.809017 -0.809017
endloop
endfacet
facet normal -0.850651 -0.525731 0.000000
outer loop
vertex -0.809017 -0.809017 -0.809017
vertex -0.500000 -1.309017 0.000000
vertex -1.309017 0.000000 0.500000
endloop
endfacet
facet normal 0.850651 0.525731 0.000000
outer loop
vertex 0.809017 0.809017 -0.809017
vertex 0.500000 1.309017 0.000000
vertex 1.309017 0.000000 0.500000
endloop
endfacet
facet normal 0.850651 0.525731 0.000000
outer loop
vertex 0.809017 0.809017 -0.809017
vertex 1.309017 0.000000 0.500000
vertex 1.309017 0.000000 -0.500000
endloop
endfacet
facet normal 0.850651 0.525731 0.000000
outer loop
vertex 0.500000 1.309017 0.000000
vertex 0.809017 0.809017 0.809017
vertex 1.309017 0.000000 0.500000
endloop
endfacet
facet normal 0.000000 0.850651 0.525731
outer loop
vertex 0.000000 0.500000 1.309017
vertex 0.809017 0.809017 0.809017
vertex 0.500000 1.309017 0.000000
endloop
endfacet
facet normal 0.000000 0.850651 0.525731
outer loop
vertex 0.500000 1.309017 0.000000
vertex -0.500000 1.309017 0.000000
vertex 0.000000 0.500000 1.309017
endloop
endfacet
facet normal 0.000000 0.850651 0.525731
outer loop
vertex -0.500000 1.309017 0.000000
vertex -0.809017 0.809017 0.809017
vertex 0.000000 0.500000 1.309017
endloop
endfacet
facet normal -0.525731 -0.000000 0.850651
outer loop
vertex -1.309017 0.000000 0.500000
vertex -0.809017 -0.809017 0.809017
vertex 0.000000 -0.500000 1.309017
endloop
endfacet
facet normal -0.525731 0.000000 0.850651
outer loop
vertex 0.000000 -0.500000 1.309017
vertex 0.000000 0.500000 1.309017
vertex -1.309017 0.000000 0.500000
endloop
endfacet
facet normal -0.525731 0.000000 0.850651
outer loop
vertex 0.000000 0.500000 1.309017
vertex -0.809017 0.809017 0.809017
vertex -1.309017 0.000000 0.500000
endloop
endfacet
endsolid Exported from Blender-3.3.1
